a = 500;
b = 0.004;
Beta = 0.005;